1.阿里云账号：bjxinyuanhengyuan2016
      密码：xyhy541990541990
      联系人手机：18211188302
2.WEB服务器地址：59.110.64.91
      账户：root
      密码：Bjxyhy2016.
      账户：emcp
      密码：Bjxyhy2016.  
3.前置、缓存等服务器地址：59.110.64.75
      账户：root
      密码：Bjxyhy2016.
      账户：adminbj
      密码：Bjxyhy2016.
4.数据库账号：bjadmin（普通账号――库名charging_bj）
      密码：Bjxyhy2016!
  内网连接地址：rm-2zea5bcxp4yi1584v.mysql.rds.aliyuncs.com
      端口号：3306
  外网连接地址：rm-2zea5bcxp4yi1584vo.mysql.rds.aliyuncs.com
      端口号：3316
5.充电桩连接地址：183.129.224.70:8408
6.系统访问地址：60.205.90.145
      账户：admin
      密码：admin2016
      账户：bjxyhy
      密码：bjxyhy2016
大兴区榆垡镇翁麻路北京雪都东南350米

园区智慧能源管理系统
电动汽车充电运营监控平台

admin
admin0419




2018-03-07 12:51:36 DEBUG ChannelService:164 - Channel_Recv:(4809)68 5A 00 8E 00 1C 00 82 00 05 00 00 00 00 00 00 06 02 00 00 00 02 03 18 20 01 03 57 77 00 00 00 00 00 00 27 57 37 48 03 00 00 01 00 00 00 00 00 00 00 00 00 00 00 00 00 00 00 00 00 00 00 00 00 00 00 00 00 00 39 28 86 77 37 01 D6 01 00 00 90 E2 32 0C 07 03 12 00 00 00 00 01 00 00

2018-03-07 12:52:53 DEBUG ChannelService:164 - Channel_Recv:(5436)68 8F 00 A4 00 1E 00 82 00 03 00 00 00 00 00 00 09 02 00 00 00 02 03 18 20 01 03 57 77 00 00 00 00 00 00 27 57 37 48 03 00 00 01 00 00 00 00 00 00 00 00 00 00 00 00 00 00 00 00 00 00 00 00 00 00 00 00 00 00 39 28 86 77 37 01 00 00 C0 DA 32

2018-03-07 12:53:12 DEBUG ChannelService:164 - Channel_Recv:(5846)68 8F 00 AE 00 20 00 82 00 03 00 00 00 00 00 00 09 02 00 00 00 02 03 18 20 01 03 57 77 00 00 00 00 00 00 27 57 37 48 03 00 00 00 00 00 00 00 00 00 00 00 00 00 00 00 00 00 00 00 00 00 00 00 00 00 00 00 00 00 39 28 86 77 37 01 00 00 C0 DA 32 0C 07 03 12 98 3A 34 0C 07 03 12 00 00 00 00 00 00 00 00 32 00 00 00 05 00 00 00 00 00 00 00 00






